0
4
10
14
15
17
18
22
25
26
27
28
29
35
36
37
40
45
46
48
52
56
57
69
73
81
91
96
97
103
108
110
111
120
123
124
125
128
132
133
139
144
148
154
157
160
162
164
166
167
170
184
185
193
198
201
202
207
214
222
228
231
232
235
243
249
250
255
262
267
268
270
272
276
277
279
290
302
306
308
311
322
324
330
333
335
342
357
367
369
384
388
396
401
402
407
410
411
414
419
423
427
433
448
450
451
453
454
457
462
470
478
488
492
495
501
505
515
520
535
538
550
553
562
563
571
585
593
602
605
606
609
611
622
635
646
649
658
674
679
682
685
706
711
716
719
721
722
724
726
733
734
740
744
750
754
761
762
763
768
770
778
779
786
790
792
794
798
799
801
809
813
816
827
834
836
843
850
853
854
866
868
874
878
880
888
889
890
892
894
901
904
908
914
915
917
918
921
926
941
