105
116
122
143
145
169
194
211
227
239
240
242
247
266
269
273
275
285
288
296
297
299
301
318
319
325
329
340
341
347
353
354
363
370
373
378
379
386
387
391
393
403
409
413
415
417
418
422
432
446
447
449
458
467
469
475
487
489
493
496
497
503
518
519
528
533
537
540
542
552
555
558
583
584
586
587
595
607
619
629
636
641
642
648
653
657
661
673
681
688
690
694
701
704
705
712
715
725
735
745
748
749
751
756
772
773
787
793
806
812
814
822
823
829
833
842
849
856
857
858
864
872
885
887
907
923
927
934
