0
4
10
15
17
18
22
25
26
27
28
29
36
37
40
48
52
56
57
69
73
81
91
96
97
103
108
110
111
120
123
125
128
132
139
144
148
154
162
164
167
184
185
193
202
207
214
222
228
232
235
243
249
255
262
267
268
270
272
279
290
302
306
311
322
324
333
335
342
367
369
388
402
407
411
414
419
423
427
433
448
450
451
454
462
470
478
492
501
505
515
520
538
550
553
562
563
605
606
609
611
635
649
658
674
679
682
685
711
716
719
722
726
733
734
740
744
754
761
762
768
770
778
779
790
794
813
827
834
843
850
853
854
866
868
874
878
880
888
889
890
892
904
914
915
917
918
921
926
941
