1
3
10
13
14
15
23
31
34
38
39
42
47
48
52
53
56
59
60
62
69
73
75
76
78
79
80
84
85
86
87
88
89
92
94
98
99
101
107
109
111
114
118
119
121
123
125
126
127
130
132
140
142
146
147
148
150
152
153
155
156
158
162
163
164
172
173
175
178
179
182
183
184
185
186
190
191
197
200
203
206
209
212
213
216
217
219
220
221
223
224
226
228
235
236
238
241
244
245
249
252
254
256
258
259
260
261
265
267
268
272
278
279
280
283
286
289
291
295
298
300
302
303
304
305
307
309
314
315
317
321
323
324
326
331
332
333
334
335
336
337
343
344
348
349
350
351
352
355
356
358
359
360
362
364
365
366
368
374
377
381
389
392
394
398
399
400
402
404
406
407
414
420
423
425
426
428
429
430
431
433
436
441
452
455
460
462
463
464
465
466
471
472
473
476
477
478
481
482
483
484
485
486
500
502
509
511
514
515
516
517
521
534
536
541
544
545
546
547
551
556
559
560
564
565
566
567
568
569
572
573
575
577
579
580
581
582
588
590
592
594
596
597
600
603
604
611
612
613
615
616
618
624
626
628
630
631
632
634
637
639
640
650
654
658
662
663
665
667
668
669
672
677
678
683
686
687
689
692
697
698
699
707
709
717
719
726
728
729
730
731
732
733
737
738
741
742
743
744
746
747
752
754
755
757
758
759
762
765
767
768
769
771
774
776
777
778
782
783
788
791
795
796
797
800
803
804
807
813
815
819
820
821
824
826
827
831
832
835
837
838
839
840
844
845
846
847
848
850
853
855
860
861
862
866
867
870
871
874
875
876
877
878
879
881
882
888
891
892
893
898
899
900
903
905
909
910
913
920
921
922
928
930
931
932
933
937
939
940
941
942
