2
5
7
16
19
24
30
49
54
58
61
63
64
67
68
72
74
82
93
95
102
105
112
115
116
122
129
143
145
151
161
169
177
187
194
195
196
199
204
210
211
225
227
229
239
240
242
247
266
269
273
275
285
288
296
297
299
301
308
312
318
319
325
329
340
341
347
353
354
363
370
373
376
378
379
383
386
387
391
393
403
409
413
415
417
418
422
432
445
446
447
449
453
458
467
469
475
487
489
493
496
497
498
503
518
519
528
533
537
540
542
552
555
558
583
584
586
587
595
607
619
629
636
641
642
648
652
653
657
661
673
681
688
690
694
701
704
705
712
715
724
725
735
745
748
749
751
756
772
773
787
793
799
806
809
812
814
822
823
829
833
836
842
849
856
857
858
864
872
885
887
907
911
923
927
934
